%YAML:1.0
---
K: !!opencv-matrix
   rows: 3
   cols: 3
   dt: d
   data: [ 8.8569211718586803e+02, 0., 3.2797153434219643e+02, 0.,
       8.8543168339213935e+02, 2.3685146733449497e+02, 0., 0., 1. ]
D: !!opencv-matrix
   rows: 1
   cols: 5
   dt: d
   data: [ -2.5338685077595913e-01, 6.0422477496401478e-02,
       1.6223209422976303e-03, -1.0394637200923367e-03,
       -3.0631870927094969e-02 ]
